1 14.290000
2 8.470000
3 6.353333
4 5.780000
5 4.620000
6 4.690000
7 4.192857
8 3.973750
9 13.172222
10 5.034000
11 5.510909
12 5.521667
13 5.593077
14 5.773571
15 6.049333
16 9.684375
17 9.983529
18 6.582778
19 38.211579
20 7.145000
21 7.296190
22 7.472273
23 7.829565
24 11.958333
25 10.063200
26 10.084615
27 13.380741
28 13.826071
29 10.196897
30 10.768000
31 9.931290
32 9.878125
33 62.681515
34 60.690882
35 61.612571
36 48.929444
37 50.254324
38 49.192895
39 60.081026
40 48.386250
41 49.058049
42 49.329048
43 48.225116
44 47.938182
45 49.293333
46 49.239348
47 50.045532
48 55.974375
49 58.780612
50 49.138400
51 48.628627
52 49.182885
53 50.138302
54 49.048519
55 49.288545
56 57.627857
57 49.367544
58 48.194138
59 49.153729
60 48.999500
61 56.049180
62 55.891613
63 55.417937
64 54.712187
